v0=10;
u0=pi/3;
g=9.8;
k=0.5;